100
21476 58368
76721 95840
8477 80888
37104 92752
26856 54039
70934 84500
5592 97453
12048 76324
53085 72751
68559 97490
70457 98404
7528 58908
79649 93516
18165 90141
60992 87700
57994 71854
12706 98405
71755 94697
1330 68187
28102 87272
64986 97010
21354 32034
27605 74536
71063 85209
31254 50352
25887 52532
31003 80632
11726 62008
4851 81402
70846 87410
76873 87719
69459 81876
59394 92801
23535 36196
41191 72476
73893 89731
39111 77862
62679 86199
21546 51345
6268 76575
62856 81030
1115 80578
22398 90818
54733 92963
7996 55643
63355 88196
43628 79421
41729 82144
64624 88699
48690 67694
6373 80758
59086 78155
39340 60659
30135 76625
68949 95405
8082 50296
65305 83496
57283 94845
78929 91086
17128 60193
66861 98236
25735 75378
35925 65852
10121 65249
27769 56962
17678 49978
11794 72073
18110 40540
5154 62620
74701 89161
78304 99151
68338 94368
10042 76970
26386 73530
26674 83575
5984 21732
27355 42472
39281 58363
68837 88192
55636 90043
65568 84555
40917 84847
75835 94657
71362 86634
64096 81792
52553 66098
67367 92540
68012 79307
2263 93219
79615 90104
38371 71697
30376 51905
41283 84630
42415 97026
31148 45601
15367 43936
14024 51548
79895 94266
17643 29770
31040 61678
